6260
1683
6153
8678
5642
3744
9576
3301
3469
6976
871
1958
5297
8597
2647
5798
1548
5638
8705
930
6808
8390
9983
9512
6719
3267
5855
9924
9245
555
969
4679
7011
5966
3420
5012
9847
30
4408
8233
1390
4425
6793
8382
2889
1677
9469
7556
209
4314
5905
4226
7417
6301
8539
1688
3547
1992
8535
7986
3316
4155
5175
3337
6380
8403
2389
6743
9130
6091
3577
9677
1317
9378
4604
8132
9425
9748
7820
3711
9074
4105
7880
7739
8580
4834
3381
1125
2793
1682
6767
7981
8739
7747
2780
8004
7803
4602
5151
1541
3197
4749
39
5581
8145
1699
2633
5130
4618
5277
2255
515
7024
2007
6311
4988
8801
2844
1704
7715
2270
20
3463
6363
876
6538
2313
8141
4254
2518
8638
3848
132
1581
7801
5464
6468
9079
5540
153
601
2496
1944
6915
4036
337
7944
6889
2245
9802
3326
328
9878
4624
1251
1182
1551
9181
4460
732
6685
8709
6619
1457
4531
8358
6065
5096
4886
9468
334
789
9031
7991
2634
8482
6203
4428
8030
6511
3720
8061
528
74
1339
9791
1636
8792
5428
4136
6805
5282
5325
5147
1469
4869
2906
3002
1024
214
4788
4319
6004
1927
1644
9656
4179
9000
6010
8657
3224
671
799
3874
3225
1091
4286
2544
1689
7107
9163
6185
3578
225
6585
2016
5527
7345
41
1322
3352
4190
474
7797
3686
4899
8529
4589
607
4422
3985
4779
694
4429
438
2575
11
7183
9179
2853
9006
2063
3017
556
2623
1600
2562
4269
5998
5138
7149
3512
964
848
6316
9496
6150
9476
3392
2994
2180
8854
2136
3530
2898
6582
5609
765
9573
1502
4199
7442
9712
6410
2049
9027
3279
4145
790
4043
5890
250
7457
8899
9224
5516
5808
6949
3251
6234
9684
4401
8414
8814
6341
8629
3604
5783
5880
573
5787
1673
7184
7745
7232
9738
9048
197
1154
1542
1822
9124
5698
3156
2479
3010
2148
4741
9501
2974
285
8635
3467
8386
9665
4272
9193
5759
4591
1506
9742
2190
7512
3628
3670
2435
2165
7481
5023
566
5793
1250
8035
277
856
4348
9274
1205
5085
714
4189
5846
4951
1574
9895
9582
283
1781
6568
9865
3908
2093
7858
3866
7952
35
8964
5028
2536
9639
9290
9061
5908
7778
5336
538
8987
997
1818
7315
2667
944
6483
8409
742
6764
4669
864
353
4979
5160
1195
1163
3369
1890
6192
3864
4568
6242
2228
1886
3439
1647
7769
9099
854
7584
3231
9679
8350
4806
3982
7287
8533
2459
4712
9508
696
8291
3133
6593
3177
6864
6277
9861
112
3099
3940
2257
8333
1772
8337
1145
6374
2413
8125
3389
5125
7891
942
9263
4770
8898
4532
4580
4737
5693
4335
5304
8966
8494
2894
6658
4317
8886
9453
3434
8981
3154
8324
2244
8469
7057
7488
5868
6344
384
791
9751
8260
8862
3907
3550
4469
2460
7032
3526
9871
412
4952
1871
5136
2346
9029
8069
1458
4824
3696
9315
2209
